30 45
8 -22 20 -27 5 18 -1 -21 11 -26 2 -13 10 -28 -25 -3 -30 -9 -4 -19 -16 -15 17 12 -23 24 -7 
16 4 6 -15 5 12 11 -7 20 13 
-5 25 -14 24 -6 -23 22 8 29 -7 -9 10 26 -15 11 27 18 19 -4 -1 -21 -16 -2 13 20 -3 30 17 12 
6 -29 5 -4 10 14 -8 27 -18 17 -9 -11 12 -28 3 -19 22 -30 -24 -13 23 16 -7 
-2 -12 14 
20 -30 -17 -29 25 -18 8 -5 -15 13 3 -26 21 19 -1 -10 23 16 -11 -9 4 -2 14 -7 
-14 13 6 7 -19 -22 4 -20 -21 1 -2 3 -27 -16 17 28 -30 -24 -9 11 29 
-12 20 3 28 8 -6 10 -26 -23 21 4 1 -18 -16 -11 2 -9 -30 22 24 -13 -17 19 -15 -7 -29 -27 -14 -25 5 
-22 26 4 -18 -12 10 -5 -30 -19 -28 -25 -1 15 -27 -2 14 7 -29 11 
13 -2 20 -14 8 -17 27 22 -7 -12 16 
-5 27 6 -4 12 -19 7 -23 -11 -1 -28 22 -2 -29 -10 -17 13 3 -8 -26 20 -25 
11 8 1 -24 14 -29 -30 -25 7 -12 -19 -6 -20 -28 22 15 -13 5 3 -27 -18 2 4 23 -17 -21 -16 26 9 
6 
10 -11 -25 -23 -14 -27 21 -3 -12 -16 18 9 -1 28 30 5 2 -26 
-17 -29 -13 5 
27 -24 6 25 -1 -17 -7 3 30 20 -19 -13 -8 -26 2 29 
-27 -13 4 26 -12 -18 19 2 25 -9 7 -22 -10 -3 -23 20 1 -28 -8 14 -15 -24 -17 -30 5 
27 1 11 2 -24 25 -15 -6 -21 30 9 12 14 3 -26 
23 -2 -26 13 14 6 24 -19 1 -27 17 3 -29 -20 
-5 2 
-2 -9 
28 -15 -22 12 30 11 -25 -8 -7 -5 -13 -2 -10 14 -20 -29 
3 28 -17 24 18 -8 -11 15 -16 -13 25 -20 -27 5 -10 4 -23 19 -12 22 2 -21 -26 29 -6 1 7 30 -14 9 
-20 9 30 -8 -3 -26 17 -7 1 23 -28 22 5 -15 21 29 -27 18 -2 6 19 -14 
-28 25 18 -12 
-12 5 24 -29 14 23 -9 8 -15 30 -3 -4 -1 26 19 13 11 
-24 -20 -2 8 29 7 -1 12 3 18 -21 -11 28 25 -22 -6 4 10 9 23 -15 26 -14 16 5 30 -27 
13 4 24 17 -12 -28 -2 -7 9 26 
4 8 -13 -14 -9 5 28 29 26 -23 -11 1 16 -6 24 -18 -10 3 -7 -19 17 -2 -30 -27 -21 -22 20 -12 -25 -15 
15 -27 23 9 -5 -12 25 18 
14 
-25 -9 -5 18 2 28 -8 -10 -17 -27 24 -4 -20 3 19 -29 13 -6 1 16 -11 12 
7 24 -16 -13 8 -26 19 11 20 25 -18 9 -12 -14 6 -1 -10 29 -3 -30 
-10 16 28 27 25 -29 
30 11 -25 16 10 -27 21 -28 17 15 -24 -4 13 
17 19 23 -24 -18 26 30 -3 27 16 -1 15 11 
20 19 21 -23 4 -16 11 -18 29 10 -7 -25 -9 -12 -6 15 -3 -8 -26 -27 -2 28 22 -1 17 14 -13 
21 30 -11 -22 12 -23 -13 -18 25 6 -7 26 17 -9 -20 19 16 -24 4 -29 3 
-30 24 28 6 -4 -14 -21 8 -19 25 10 12 7 11 29 23 17 27 3 13 26 -9 1 15 22 -18 
4 -19 1 12 22 11 -25 -9 -14 -13 21 15 7 -20 -16 -23 28 18 -27 -17 6 -3 -10 -2 29 -26 -30 -5 
-22 6 -1 -13 -18 -19 -15 4 17 7 28 9 26 2 -11 -3 -10 -20 -16 -25 21 12 29 -5 -30 -14 8 23 
-9 -8 29 -6 
-23 
4 23 -16 29 5 9 
-9 2 8 24 19 -23 26 5 20 4 7 -12 -30 18 -22 17 14 15 
