20 30
7 10 -8 
-17 -3 -13 -18 -14 -6 -11 15 -4 -2 -1 -5 7 -10 -12 -8 9 16 
-12 -1 
-15 14 12 9 19 10 -4 20 -1 
-10 6 -14 -5 -1 
-5 -10 6 7 -9 -8 2 
6 -3 -19 -8 17 -9 1 -15 -14 -20 12 18 -5 4 
-1 -14 15 -5 11 
13 10 3 -7 -12 -5 -6 -4 -18 -11 -20 
4 15 -9 -6 -14 -11 10 
10 12 -1 20 -9 -3 -14 5 -8 -19 7 
-2 13 -14 12 3 -20 6 10 16 4 -17 1 -18 -11 7 9 15 8 5 19 
16 20 -19 -6 -10 -14 -12 -9 
6 -19 -12 2 8 7 5 -13 -18 -20 -3 -15 14 -1 4 9 17 
14 5 -6 
-15 19 -2 13 11 17 -6 -3 8 -4 -1 5 10 -12 7 14 20 -16 -9 -18 
12 1 5 8 -3 18 9 6 -4 -2 -20 7 
19 -18 14 8 15 -13 9 16 -3 -12 17 -11 -20 -4 -7 -1 -2 -6 -10 
12 19 4 1 -2 16 13 11 3 -14 -8 15 -20 
-13 -20 10 -2 7 -14 -3 15 -8 9 -16 
-17 -18 4 
4 
2 -1 20 -19 18 9 11 -15 -10 -16 8 -13 14 -3 -5 -7 17 -4 6 -12 
-15 5 20 -17 -14 -11 16 19 10 -8 9 -7 -13 -12 -1 -18 -3 -4 -2 
17 13 -16 18 19 -12 -14 -10 -4 
3 17 11 -19 -4 8 14 12 -16 -10 7 1 -13 
7 4 16 -3 -12 17 -19 -11 18 -14 5 15 
-3 -6 -1 -14 18 19 12 -20 7 13 -10 9 
-4 -1 2 19 -8 20 6 13 9 3 18 
-10 12 -5 -18 11 -8 -19 9 -17 15 -14 -16 20 
